RWC score = 1.9892472200
---------------------------------------------------------------------------------------------------------------------------
[((21, 99), -0.013069094386474949), ((21, 277), -0.012910048922330894), ((21, 74), -0.01237969207482049), ((21, 556), -0.012136859033276454), ((21, 316), -0.010399586382418963), ((21, 66), -0.010077358803740473), ((21, 414), -0.010076987692832214), ((21, 676), -0.0095519790134069235), ((21, 498), -0.0095519790134069114), ((21, 114), -0.0093514598960941359), ((21, 511), -0.0091261234278464283), ((21, 167), -0.009126123427846411), ((21, 385), -0.0086988910476115608), ((21, 304), -0.0086988910476115504), ((21, 306), -0.0085433442918984425), ((21, 48), -0.0084133012683136697), ((21, 105), -0.0083762800300931431), ((21, 2), -0.0078402690620928625), ((21, 269), -0.0078402690620928556), ((21, 900), -0.0078402690620928556)]
{(21, 2): (-0.0078402690620928625, 1.0), (21, 48): (-0.0084133012683136697, 1.0), (21, 277): (-0.012910048922330894, 1.0), (21, 498): (-0.0095519790134069114, 1.0), (21, 316): (-0.010399586382418963, 1.0), (21, 66): (-0.010077358803740473, 1.0), (21, 900): (-0.0078402690620928556, 1.0), (21, 99): (-0.013069094386474949, 1.0), (21, 414): (-0.010076987692832214, 1.0), (21, 105): (-0.0083762800300931431, 1.0), (21, 676): (-0.0095519790134069235, 1.0), (21, 511): (-0.0091261234278464283, 1.0), (21, 74): (-0.01237969207482049, 1.0), (21, 306): (-0.0085433442918984425, 1.0), (21, 304): (-0.0086988910476115504, 1.0), (21, 385): (-0.0086988910476115608, 1.0), (21, 556): (-0.012136859033276454, 1.0), (21, 167): (-0.009126123427846411, 1.0), (21, 114): (-0.0093514598960941359, 1.0), (21, 269): (-0.0078402690620928556, 1.0)}
-0.0130690943865
-0.0259791433088
-0.0383588353836
-0.0504956944169
-0.0608952807993
-0.0709726396031
-0.0810496272959
-0.0906016063093
-0.100153585323
-0.109505045219
-0.118631168647
-0.127757292074
-0.136456183122
-0.14515507417
-0.153698418462
-0.16211171973
-0.17048799976
-0.178328268822
-0.186168537884
-0.194008806946
RWC score after addiction of accepted edges = 1.8771777582
Opt Total Decrease RWC -- in_degree type (HIGH-TO-HIGH) :   0.1940088069
Maximum Optimum Decrease RWC : = 0.0130690944
Real Total Decrease RWC = 0.1120694619  acceptance_ratio : 1.0
-----------------------------------------------
---------------------------------------------------------------------------------------------------------------------------
RWC score = 1.9892472200
---------------------------------------------------------------------------------------------------------------------------
[((21, 277), -0.012910048922330889), ((21, 511), -0.00912612342784643), ((21, 167), -0.0091261234278464127), ((21, 304), -0.0086988910476115521), ((21, 4), -0.0078402690620928486), ((21, 1383), -0.0078402690620928486), ((21, 339), -0.0078402690620928174), ((21, 400), -0.0078402690620927914), ((906, 819), -0.0059487915781914038), ((439, 277), -0.0051181089657507846), ((439, 167), -0.0035476101428622412), ((439, 511), -0.0035476101428622412), ((418, 85), -0.0034351969033336966), ((21, 610), -0.0033828793616198674), ((21, 906), -0.0033828793616198626), ((21, 707), -0.0033828793616198609), ((21, 342), -0.0033828793616198596), ((21, 845), -0.0033828793616198583), ((21, 141), -0.0033828793616198579), ((21, 624), -0.0033828793616198579)]
{(21, 167): (-0.0091261234278464127, 1.0), (21, 141): (-0.0033828793616198579, 1.0), (21, 277): (-0.012910048922330889, 1.0), (21, 845): (-0.0033828793616198583, 1.0), (418, 85): (-0.0034351969033336966, 1.0), (21, 610): (-0.0033828793616198674, 1.0), (439, 511): (-0.0035476101428622412, 1.0), (906, 819): (-0.0059487915781914038, 2.6609640474436818), (21, 624): (-0.0033828793616198579, 1.0), (21, 707): (-0.0033828793616198609, 1.0), (21, 342): (-0.0033828793616198596, 1.0), (21, 4): (-0.0078402690620928486, 1.0), (439, 277): (-0.0051181089657507846, 1.0), (21, 906): (-0.0033828793616198626, 1.0), (21, 304): (-0.0086988910476115521, 1.0), (21, 400): (-0.0078402690620927914, 1.0), (21, 1383): (-0.0078402690620928486, 1.0), (21, 511): (-0.00912612342784643, 1.0), (439, 167): (-0.0035476101428622412, 1.0), (21, 339): (-0.0078402690620928174, 1.0)}
-0.0129100489223
-0.0220361723502
-0.031162295778
-0.0398611868256
-0.0477014558877
-0.0555417249498
-0.0633819940119
-0.071222263074
-0.0734578406587
-0.0785759496245
-0.0821235597673
-0.0856711699102
-0.0891063668135
-0.0924892461751
-0.0958721255368
-0.0992550048984
-0.10263788426
-0.106020763622
-0.109403642983
-0.112786522345
RWC score after addiction of accepted edges = 1.8102994785
Opt Total Decrease RWC -- ratio type :   0.1127865223
Maximum Optimum Decrease RWC : = 0.0129100489
Real Total Decrease RWC = 0.1789477416  acceptance_ratio : 1.0
-----------------------------------------------
---------------------------------------------------------------------------------------------------------------------------
RWC score = 1.9892472200
---------------------------------------------------------------------------------------------------------------------------
[((1596, 1553), -0.0042621909222590963), ((1596, 1597), -0.0042621909222590963), ((1596, 1561), -0.0042621909222590954), ((1596, 1602), -0.0042621909222590954), ((1596, 1605), -0.0042621909222590954), ((1596, 1552), -0.0042621909222590936), ((1596, 29), -0.0034583546159866782), ((1596, 33), -0.0034583546159866782), ((1596, 45), -0.0034583546159866782), ((1608, 1588), -0.0033795863607633432), ((1608, 1567), -0.0033795863607633415), ((1608, 1573), -0.0033795863607633402), ((1608, 1574), -0.0033795863607633402), ((1608, 1576), -0.0033795863607633402), ((1608, 1583), -0.0033795863607633402), ((1608, 1556), -0.0033795863607633371), ((1607, 1567), -0.0033795863607633337), ((1607, 1588), -0.0033795863607633337), ((1607, 1576), -0.0033795863607633315), ((1607, 1573), -0.0033795863607633311)]
{(1596, 1605): (-0.0042621909222590954, 1.0), (1607, 1588): (-0.0033795863607633337, 1.0), (1596, 1553): (-0.0042621909222590963, 1.0), (1596, 1552): (-0.0042621909222590936, 1.0), (1596, 29): (-0.0034583546159866782, 1.0), (1608, 1573): (-0.0033795863607633402, 1.0), (1608, 1567): (-0.0033795863607633415, 1.0), (1608, 1588): (-0.0033795863607633432, 1.0), (1596, 1602): (-0.0042621909222590954, 1.0), (1608, 1576): (-0.0033795863607633402, 1.0), (1596, 1597): (-0.0042621909222590963, 1.0), (1607, 1567): (-0.0033795863607633337, 1.0), (1607, 1576): (-0.0033795863607633315, 1.0), (1608, 1574): (-0.0033795863607633402, 1.0), (1596, 45): (-0.0034583546159866782, 1.0), (1596, 33): (-0.0034583546159866782, 1.0), (1608, 1556): (-0.0033795863607633371, 1.0), (1596, 1561): (-0.0042621909222590954, 1.0), (1607, 1573): (-0.0033795863607633311, 1.0), (1608, 1583): (-0.0033795863607633402, 1.0)}
-0.00426219092226
-0.00852438184452
-0.0127865727668
-0.017048763689
-0.0213109546113
-0.0255731455336
-0.0290315001495
-0.0324898547655
-0.0359482093815
-0.0393277957423
-0.042707382103
-0.0460869684638
-0.0494665548246
-0.0528461411853
-0.0562257275461
-0.0596053139069
-0.0629849002676
-0.0663644866284
-0.0697440729891
-0.0731236593499
RWC score after addiction of accepted edges = 1.8751083206
Opt Total Decrease RWC -- betweenness centrality :   0.0731236593
Maximum Optimum Decrease RWC : = 0.0042621909
Real Total Decrease RWC = 0.1141388995  acceptance_ratio : 1.0
-----------------------------------------------
---------------------------------------------------------------------------------------------------------------------------
RWC score = 1.9892472200
---------------------------------------------------------------------------------------------------------------------------
[((21, 99), -0.013069094386474947), ((21, 556), -0.012136859033276456), ((21, 607), -0.01085660760752326), ((21, 66), -0.010077358803740475), ((21, 414), -0.010076987692832218), ((21, 498), -0.0095519790134069062), ((21, 89), -0.0095493896600956987), ((21, 110), -0.0094752101969199729), ((21, 114), -0.0093514598960941341), ((21, 403), -0.0093480519947727343), ((21, 511), -0.0091261234278464318), ((21, 167), -0.0091261234278464127), ((21, 385), -0.008698891047611566), ((21, 304), -0.0086988910476115573), ((21, 306), -0.008543344291898439), ((21, 48), -0.0084133012683136731), ((21, 105), -0.0083762800300931396), ((21, 2), -0.0078402690620928608), ((21, 269), -0.0078402690620928538), ((21, 900), -0.0078402690620928538)]
{(21, 110): (-0.0094752101969199729, 1.0), (21, 89): (-0.0095493896600956987, 1.0), (21, 2): (-0.0078402690620928608, 1.0), (21, 48): (-0.0084133012683136731, 1.0), (21, 304): (-0.0086988910476115573, 1.0), (21, 498): (-0.0095519790134069062, 1.0), (21, 66): (-0.010077358803740475, 1.0), (21, 99): (-0.013069094386474947, 1.0), (21, 414): (-0.010076987692832218, 1.0), (21, 105): (-0.0083762800300931396, 1.0), (21, 900): (-0.0078402690620928538, 1.0), (21, 607): (-0.01085660760752326, 1.0), (21, 306): (-0.008543344291898439, 1.0), (21, 511): (-0.0091261234278464318, 1.0), (21, 385): (-0.008698891047611566, 1.0), (21, 556): (-0.012136859033276456, 1.0), (21, 167): (-0.0091261234278464127, 1.0), (21, 114): (-0.0093514598960941341, 1.0), (21, 269): (-0.0078402690620928538, 1.0), (21, 403): (-0.0093480519947727343, 1.0)}
-0.0130690943865
-0.0252059534198
-0.0360625610273
-0.046139919831
-0.0562169075238
-0.0657688865373
-0.0753182761973
-0.0847934863943
-0.0941449462904
-0.103492998285
-0.112619121713
-0.121745245141
-0.130444136188
-0.139143027236
-0.147686371528
-0.156099672796
-0.164475952826
-0.172316221888
-0.180156490951
-0.187996760013
RWC score after addiction of accepted edges = 1.9431711550
Opt Total Decrease RWC -- avg in_degree type :   0.1879967600
Maximum Optimum Decrease RWC : = 0.0130690944
Real Total Decrease RWC = 0.0460760650  acceptance_ratio : 1.0
-----------------------------------------------
-------------------------------------------------End of simulation---------------------------------------------------------