RWC score = 1.9726845234
---------------------------------------------------------------------------------------------------------------------------
[((1162, 570), -0.011149111354293252), ((1162, 729), -0.0085385534209411178), ((1162, 464), -0.0077592234319451298), ((1162, 252), -0.0074208580457103303), ((1162, 6), -0.0073020008414527429), ((1162, 21), -0.0072203744228036357), ((1162, 1004), -0.007220374422803569), ((1162, 217), -0.0063539865816725875), ((1162, 340), -0.0063057274950136391), ((1162, 230), -0.006207763954860483), ((1162, 3), -0.0059364251380015481), ((1162, 88), -0.0059293844673422901), ((1162, 106), -0.0059099414329888845), ((1162, 184), -0.0058981656544635722), ((1162, 180), -0.0058312421219208202), ((1162, 7), -0.0058183405070042346), ((1162, 492), -0.005799139592323004), ((1162, 5), -0.0057840515257911122), ((1162, 178), -0.0055399639887187347), ((1162, 8), -0.0055034602091314517)]
{(1162, 106): (-0.0059099414329888845, 1.0), (1162, 8): (-0.0055034602091314517, 1.0), (1162, 5): (-0.0057840515257911122, 1.0), (1162, 6): (-0.0073020008414527429, 1.0), (1162, 729): (-0.0085385534209411178, 1.0), (1162, 7): (-0.0058183405070042346, 1.0), (1162, 464): (-0.0077592234319451298, 1.0), (1162, 230): (-0.006207763954860483, 1.0), (1162, 1004): (-0.007220374422803569, 1.0), (1162, 217): (-0.0063539865816725875, 1.0), (1162, 492): (-0.005799139592323004, 1.0), (1162, 88): (-0.0059293844673422901, 1.0), (1162, 21): (-0.0072203744228036357, 1.0), (1162, 340): (-0.0063057274950136391, 1.0), (1162, 184): (-0.0058981656544635722, 1.0), (1162, 570): (-0.011149111354293252, 1.0), (1162, 178): (-0.0055399639887187347, 1.0), (1162, 3): (-0.0059364251380015481, 1.0), (1162, 252): (-0.0074208580457103303, 1.0), (1162, 180): (-0.0058312421219208202, 1.0)}
-0.0111491113543
-0.0196876647752
-0.0274468882072
-0.0348677462529
-0.0421697470943
-0.0493901215171
-0.0566104959399
-0.0629644825216
-0.0692702100166
-0.0754779739715
-0.0814143991095
-0.0873437835768
-0.0932537250098
-0.0991518906643
-0.104983132786
-0.110801473293
-0.116600612886
-0.122384664411
-0.1279246284
-0.133428088609
RWC score after addiction of accepted edges = 1.9039584251
Opt Total Decrease RWC -- in_degree type (HIGH-TO-HIGH) :   0.1334280886
Maximum Optimum Decrease RWC : = 0.0111491114
Real Total Decrease RWC = 0.0687260983  acceptance_ratio : 1.0
-----------------------------------------------
---------------------------------------------------------------------------------------------------------------------------
RWC score = 1.9726845234
---------------------------------------------------------------------------------------------------------------------------
[((83, 67), -0.012100486735333217), ((1162, 570), -0.011149111354293254), ((1162, 729), -0.0085385534209411144), ((1162, 464), -0.0077592234319451307), ((83, 433), -0.0074138511342909386), ((83, 970), -0.0074138511342909316), ((1162, 21), -0.0072203744228036357), ((83, 762), -0.0061203335957742333), ((1162, 88), -0.0059293844673422875), ((83, 639), -0.0047973107235515632), ((83, 235), -0.0047973107235515407), ((83, 267), -0.0047973107235515311), ((1162, 299), -0.0046291518496820745), ((1162, 327), -0.0046291518496820432), ((1162, 677), -0.0046291518496820293), ((1162, 649), -0.0046291518496820241), ((267, 570), -0.0037928017054635046), ((732, 570), -0.0032581748773555276), ((235, 570), -0.0031226344797467458), ((732, 327), -0.0030423197949422981)]
{(83, 639): (-0.0047973107235515632, 1.0), (1162, 677): (-0.0046291518496820293, 1.0), (1162, 299): (-0.0046291518496820745, 1.0), (235, 570): (-0.0031226344797467458, 1.0), (1162, 327): (-0.0046291518496820432, 1.0), (1162, 464): (-0.0077592234319451307, 1.0), (83, 762): (-0.0061203335957742333, 1.0), (83, 433): (-0.0074138511342909386, 1.0), (267, 570): (-0.0037928017054635046, 1.0), (1162, 729): (-0.0085385534209411144, 1.0), (83, 267): (-0.0047973107235515311, 1.0), (1162, 88): (-0.0059293844673422875, 1.0), (1162, 21): (-0.0072203744228036357, 1.0), (83, 67): (-0.012100486735333217, 1.5239758185723462), (1162, 570): (-0.011149111354293254, 1.0), (732, 327): (-0.0030423197949422981, 2.6609640474436818), (732, 570): (-0.0032581748773555276, 1.0), (83, 970): (-0.0074138511342909316, 1.0), (83, 235): (-0.0047973107235515407, 1.0), (1162, 649): (-0.0046291518496820241, 1.0)}
-0.00794007791191
-0.0190891892662
-0.0276277426871
-0.0353869661191
-0.0428008172534
-0.0502146683877
-0.0574350428105
-0.0635553764063
-0.0694847608736
-0.0742820715971
-0.0790793823207
-0.0838766930442
-0.0885058448939
-0.0931349967436
-0.0977641485933
-0.102393300443
-0.106186102148
-0.109444277026
-0.112566911506
-0.113710226387
RWC score after addiction of accepted edges = 1.7988777816
Opt Total Decrease RWC -- ratio type :   0.1137102264
Maximum Optimum Decrease RWC : = 0.0111491114
Real Total Decrease RWC = 0.1738067418  acceptance_ratio : 1.0
-----------------------------------------------
---------------------------------------------------------------------------------------------------------------------------
RWC score = 1.9726845234
---------------------------------------------------------------------------------------------------------------------------
[((2126, 381), -0.0024420446212176142), ((2126, 45), -0.0019708819641400632), ((2126, 158), -0.0019426963800118116), ((2126, 1458), -0.0019416894451529177), ((2126, 1010), -0.0019277075957741454), ((2126, 90), -0.0019225553330986611), ((2126, 1895), -0.0018793010723013415), ((2126, 568), -0.0017979893886937261), ((2126, 41), -0.0017965453689616764), ((2126, 876), -0.0017935248791321481), ((2126, 1590), -0.0017935248791321481), ((2126, 1787), -0.0017935248791321476), ((2126, 464), -0.0017935248791321465), ((2126, 652), -0.0017684363190320646), ((2126, 1447), -0.0017536449245805468), ((2126, 1871), -0.0017236981804657609), ((2126, 1420), -0.0016061855235449071), ((2128, 381), -0.0015980291443561262), ((2126, 392), -0.0015166066430373367), ((2126, 340), -0.0014372067647595672)]
{(2126, 1458): (-0.0019416894451529177, 1.0), (2126, 464): (-0.0017935248791321465, 1.0), (2126, 158): (-0.0019426963800118116, 1.0), (2126, 1447): (-0.0017536449245805468, 1.0), (2126, 1010): (-0.0019277075957741454, 1.0), (2126, 1895): (-0.0018793010723013415, 1.0), (2126, 568): (-0.0017979893886937261, 1.0), (2126, 45): (-0.0019708819641400632, 1.0), (2126, 392): (-0.0015166066430373367, 1.0), (2126, 1787): (-0.0017935248791321476, 1.0), (2126, 876): (-0.0017935248791321481, 1.0), (2126, 90): (-0.0019225553330986611, 1.0), (2126, 1871): (-0.0017236981804657609, 1.0), (2128, 381): (-0.0015980291443561262, 1.0), (2126, 1420): (-0.0016061855235449071, 1.0), (2126, 340): (-0.0014372067647595672, 1.0), (2126, 41): (-0.0017965453689616764, 1.0), (2126, 652): (-0.0017684363190320646, 1.0), (2126, 381): (-0.0024420446212176142, 1.0), (2126, 1590): (-0.0017935248791321481, 1.0)}
-0.00244204462122
-0.00441292658536
-0.00635562296537
-0.00829731241052
-0.0102250200063
-0.0121475753394
-0.0140268764117
-0.0158248658004
-0.0176214111694
-0.0194149360485
-0.0212084609276
-0.0230019858067
-0.0247955106859
-0.0265639470049
-0.0283175919295
-0.03004129011
-0.0316474756335
-0.0332455047779
-0.0347621114209
-0.0361993181857
RWC score after addiction of accepted edges = 1.9415149350
Opt Total Decrease RWC -- betweenness centrality :   0.0361993182
Maximum Optimum Decrease RWC : = 0.0024420446
Real Total Decrease RWC = 0.0311695884  acceptance_ratio : 1.0
-----------------------------------------------
---------------------------------------------------------------------------------------------------------------------------
RWC score = 1.9726845234
---------------------------------------------------------------------------------------------------------------------------
[((1162, 729), -0.0085385534209411144), ((1162, 1045), -0.0077728060551717259), ((1162, 252), -0.0074208580457103338), ((1162, 6), -0.0073020008414527385), ((1162, 1016), -0.0064730133537256483), ((1162, 217), -0.0063539865816725867), ((1162, 340), -0.0063057274950136391), ((1162, 230), -0.0062077639548604848), ((1162, 14), -0.0060673483155750888), ((1162, 294), -0.0059815057686277455), ((1162, 3), -0.0059364251380015481), ((1162, 1052), -0.0059293844673423092), ((1162, 88), -0.0059293844673422875), ((1162, 106), -0.0059099414329888845), ((1162, 184), -0.0058981656544635731), ((1162, 180), -0.005831242121920821), ((1162, 7), -0.0058183405070042372), ((1162, 492), -0.0057991395923230014), ((1162, 5), -0.005784051525791113), ((1162, 178), -0.0055399639887187364)]
{(1162, 106): (-0.0059099414329888845, 1.0), (1162, 5): (-0.005784051525791113, 1.0), (1162, 230): (-0.0062077639548604848, 1.0), (1162, 88): (-0.0059293844673422875, 1.0), (1162, 6): (-0.0073020008414527385, 1.0), (1162, 294): (-0.0059815057686277455, 1.0), (1162, 492): (-0.0057991395923230014, 1.0), (1162, 217): (-0.0063539865816725867, 1.0), (1162, 1052): (-0.0059293844673423092, 1.0), (1162, 1016): (-0.0064730133537256483, 1.0), (1162, 1045): (-0.0077728060551717259, 1.0), (1162, 14): (-0.0060673483155750888, 1.0), (1162, 729): (-0.0085385534209411144, 1.0), (1162, 184): (-0.0058981656544635731, 1.0), (1162, 180): (-0.005831242121920821, 1.0), (1162, 178): (-0.0055399639887187364, 1.0), (1162, 3): (-0.0059364251380015481, 1.0), (1162, 252): (-0.0074208580457103338, 1.0), (1162, 7): (-0.0058183405070042372, 1.0), (1162, 340): (-0.0063057274950136391, 1.0)}
-0.00853855342094
-0.0163113594761
-0.0237322175218
-0.0310342183633
-0.037507231717
-0.0438612182987
-0.0501669457937
-0.0563747097485
-0.0624420580641
-0.0684235638328
-0.0743599889708
-0.0802893734381
-0.0862187579054
-0.0921286993384
-0.0980268649929
-0.103858107115
-0.109676447622
-0.115475587214
-0.12125963874
-0.126799602729
RWC score after addiction of accepted edges = 1.9055421707
Opt Total Decrease RWC -- avg in_degree type :   0.1267996027
Maximum Optimum Decrease RWC : = 0.0085385534
Real Total Decrease RWC = 0.0671423527  acceptance_ratio : 1.0
-----------------------------------------------
-------------------------------------------------End of simulation---------------------------------------------------------